Матрица A: 
            1             1             1             1 |           13 
           45            45            45            32 |          234 
           66            58           324           578 |            3 
            2           234            45            56 |            6 

Главная диагональ матрицы D:
            1             1             1            -1 
Полученная матрица S:
            1             1             1             1 
 -6.27744e+66       6.63325       6.63325       4.67343 
 -6.27744e+66  -6.27744e+66       16.7033       32.6882 
 -6.27744e+66  -6.27744e+66  -6.27744e+66        32.177 

Вектор y:
           13        33.317      -13.8296      -8.99277 

Ответ
      8.05985       5.50065     -0.281021     -0.279478 